{
 "cells": [
  {
   "cell_type": "code",
   "execution_count": 1,
   "metadata": {},
   "outputs": [],
   "source": [
    "import numpy as np\n",
    "import pandas as pd\n",
    "import matplotlib.pyplot as plt"
   ]
  },
  {
   "cell_type": "code",
   "execution_count": 2,
   "metadata": {},
   "outputs": [
    {
     "data": {
      "text/html": [
       "<div>\n",
       "<style scoped>\n",
       "    .dataframe tbody tr th:only-of-type {\n",
       "        vertical-align: middle;\n",
       "    }\n",
       "\n",
       "    .dataframe tbody tr th {\n",
       "        vertical-align: top;\n",
       "    }\n",
       "\n",
       "    .dataframe thead th {\n",
       "        text-align: right;\n",
       "    }\n",
       "</style>\n",
       "<table border=\"1\" class=\"dataframe\">\n",
       "  <thead>\n",
       "    <tr style=\"text-align: right;\">\n",
       "      <th></th>\n",
       "      <th>Id</th>\n",
       "      <th>groupId</th>\n",
       "      <th>matchId</th>\n",
       "      <th>assists</th>\n",
       "      <th>boosts</th>\n",
       "      <th>damageDealt</th>\n",
       "      <th>DBNOs</th>\n",
       "      <th>headshotKills</th>\n",
       "      <th>heals</th>\n",
       "      <th>killPlace</th>\n",
       "      <th>...</th>\n",
       "      <th>revives</th>\n",
       "      <th>rideDistance</th>\n",
       "      <th>roadKills</th>\n",
       "      <th>swimDistance</th>\n",
       "      <th>teamKills</th>\n",
       "      <th>vehicleDestroys</th>\n",
       "      <th>walkDistance</th>\n",
       "      <th>weaponsAcquired</th>\n",
       "      <th>winPoints</th>\n",
       "      <th>winPlacePerc</th>\n",
       "    </tr>\n",
       "  </thead>\n",
       "  <tbody>\n",
       "    <tr>\n",
       "      <th>0</th>\n",
       "      <td>0</td>\n",
       "      <td>24</td>\n",
       "      <td>0</td>\n",
       "      <td>0</td>\n",
       "      <td>5</td>\n",
       "      <td>247.30</td>\n",
       "      <td>2</td>\n",
       "      <td>0</td>\n",
       "      <td>4</td>\n",
       "      <td>17</td>\n",
       "      <td>...</td>\n",
       "      <td>1</td>\n",
       "      <td>591.3</td>\n",
       "      <td>0</td>\n",
       "      <td>0.0</td>\n",
       "      <td>0</td>\n",
       "      <td>0</td>\n",
       "      <td>782.40</td>\n",
       "      <td>4</td>\n",
       "      <td>1458</td>\n",
       "      <td>0.8571</td>\n",
       "    </tr>\n",
       "    <tr>\n",
       "      <th>1</th>\n",
       "      <td>1</td>\n",
       "      <td>440875</td>\n",
       "      <td>1</td>\n",
       "      <td>1</td>\n",
       "      <td>0</td>\n",
       "      <td>37.65</td>\n",
       "      <td>1</td>\n",
       "      <td>1</td>\n",
       "      <td>0</td>\n",
       "      <td>45</td>\n",
       "      <td>...</td>\n",
       "      <td>0</td>\n",
       "      <td>0.0</td>\n",
       "      <td>0</td>\n",
       "      <td>0.0</td>\n",
       "      <td>0</td>\n",
       "      <td>0</td>\n",
       "      <td>119.60</td>\n",
       "      <td>3</td>\n",
       "      <td>1511</td>\n",
       "      <td>0.0400</td>\n",
       "    </tr>\n",
       "    <tr>\n",
       "      <th>2</th>\n",
       "      <td>2</td>\n",
       "      <td>878242</td>\n",
       "      <td>2</td>\n",
       "      <td>0</td>\n",
       "      <td>1</td>\n",
       "      <td>93.73</td>\n",
       "      <td>1</td>\n",
       "      <td>0</td>\n",
       "      <td>2</td>\n",
       "      <td>54</td>\n",
       "      <td>...</td>\n",
       "      <td>1</td>\n",
       "      <td>0.0</td>\n",
       "      <td>0</td>\n",
       "      <td>0.0</td>\n",
       "      <td>0</td>\n",
       "      <td>0</td>\n",
       "      <td>3248.00</td>\n",
       "      <td>5</td>\n",
       "      <td>1583</td>\n",
       "      <td>0.7407</td>\n",
       "    </tr>\n",
       "    <tr>\n",
       "      <th>3</th>\n",
       "      <td>3</td>\n",
       "      <td>1319841</td>\n",
       "      <td>3</td>\n",
       "      <td>0</td>\n",
       "      <td>0</td>\n",
       "      <td>95.88</td>\n",
       "      <td>0</td>\n",
       "      <td>0</td>\n",
       "      <td>0</td>\n",
       "      <td>86</td>\n",
       "      <td>...</td>\n",
       "      <td>0</td>\n",
       "      <td>0.0</td>\n",
       "      <td>0</td>\n",
       "      <td>0.0</td>\n",
       "      <td>0</td>\n",
       "      <td>0</td>\n",
       "      <td>21.49</td>\n",
       "      <td>1</td>\n",
       "      <td>1489</td>\n",
       "      <td>0.1146</td>\n",
       "    </tr>\n",
       "    <tr>\n",
       "      <th>4</th>\n",
       "      <td>4</td>\n",
       "      <td>1757883</td>\n",
       "      <td>4</td>\n",
       "      <td>0</td>\n",
       "      <td>1</td>\n",
       "      <td>0.00</td>\n",
       "      <td>0</td>\n",
       "      <td>0</td>\n",
       "      <td>1</td>\n",
       "      <td>58</td>\n",
       "      <td>...</td>\n",
       "      <td>0</td>\n",
       "      <td>0.0</td>\n",
       "      <td>0</td>\n",
       "      <td>0.0</td>\n",
       "      <td>0</td>\n",
       "      <td>0</td>\n",
       "      <td>640.80</td>\n",
       "      <td>4</td>\n",
       "      <td>1475</td>\n",
       "      <td>0.5217</td>\n",
       "    </tr>\n",
       "  </tbody>\n",
       "</table>\n",
       "<p>5 rows × 26 columns</p>\n",
       "</div>"
      ],
      "text/plain": [
       "   Id  groupId  matchId  assists  boosts  damageDealt  DBNOs  headshotKills  \\\n",
       "0   0       24        0        0       5       247.30      2              0   \n",
       "1   1   440875        1        1       0        37.65      1              1   \n",
       "2   2   878242        2        0       1        93.73      1              0   \n",
       "3   3  1319841        3        0       0        95.88      0              0   \n",
       "4   4  1757883        4        0       1         0.00      0              0   \n",
       "\n",
       "   heals  killPlace      ...       revives  rideDistance  roadKills  \\\n",
       "0      4         17      ...             1         591.3          0   \n",
       "1      0         45      ...             0           0.0          0   \n",
       "2      2         54      ...             1           0.0          0   \n",
       "3      0         86      ...             0           0.0          0   \n",
       "4      1         58      ...             0           0.0          0   \n",
       "\n",
       "   swimDistance  teamKills  vehicleDestroys  walkDistance  weaponsAcquired  \\\n",
       "0           0.0          0                0        782.40                4   \n",
       "1           0.0          0                0        119.60                3   \n",
       "2           0.0          0                0       3248.00                5   \n",
       "3           0.0          0                0         21.49                1   \n",
       "4           0.0          0                0        640.80                4   \n",
       "\n",
       "   winPoints  winPlacePerc  \n",
       "0       1458        0.8571  \n",
       "1       1511        0.0400  \n",
       "2       1583        0.7407  \n",
       "3       1489        0.1146  \n",
       "4       1475        0.5217  \n",
       "\n",
       "[5 rows x 26 columns]"
      ]
     },
     "execution_count": 2,
     "metadata": {},
     "output_type": "execute_result"
    }
   ],
   "source": [
    "train = pd.read_csv(\"/home/coea/Documents/raviteja/pubg/train.csv\")\n",
    "train.head()"
   ]
  },
  {
   "cell_type": "code",
   "execution_count": 3,
   "metadata": {},
   "outputs": [
    {
     "data": {
      "text/plain": [
       "(1867913, 25)"
      ]
     },
     "execution_count": 3,
     "metadata": {},
     "output_type": "execute_result"
    }
   ],
   "source": [
    "test = pd.read_csv('/home/coea/Documents/raviteja/pubg/test.csv')\n",
    "test.shape"
   ]
  },
  {
   "cell_type": "code",
   "execution_count": null,
   "metadata": {},
   "outputs": [],
   "source": [
    "train.shape"
   ]
  },
  {
   "cell_type": "code",
   "execution_count": null,
   "metadata": {},
   "outputs": [],
   "source": [
    "train.columns"
   ]
  },
  {
   "cell_type": "code",
   "execution_count": null,
   "metadata": {},
   "outputs": [],
   "source": [
    "train[['matchId','groupId','winPlacePerc']]"
   ]
  },
  {
   "cell_type": "code",
   "execution_count": null,
   "metadata": {
    "scrolled": true
   },
   "outputs": [],
   "source": [
    "train.dtypes"
   ]
  },
  {
   "cell_type": "code",
   "execution_count": null,
   "metadata": {},
   "outputs": [],
   "source": [
    "type(train)\n",
    "\n",
    "train['rideDistance'].describe()"
   ]
  },
  {
   "cell_type": "code",
   "execution_count": null,
   "metadata": {},
   "outputs": [],
   "source": [
    "import matplotlib.pyplot as pl"
   ]
  },
  {
   "cell_type": "code",
   "execution_count": null,
   "metadata": {},
   "outputs": [],
   "source": [
    "train['DBNOs'] = train['DBNOs'].astype(str)"
   ]
  },
  {
   "cell_type": "code",
   "execution_count": null,
   "metadata": {
    "scrolled": true
   },
   "outputs": [],
   "source": [
    "train"
   ]
  },
  {
   "cell_type": "code",
   "execution_count": null,
   "metadata": {},
   "outputs": [],
   "source": [
    "pl.scatter(x=train['rideDistance'],y=train['winPlacePerc'])"
   ]
  },
  {
   "cell_type": "code",
   "execution_count": null,
   "metadata": {},
   "outputs": [],
   "source": [
    "test.columns"
   ]
  },
  {
   "cell_type": "code",
   "execution_count": null,
   "metadata": {},
   "outputs": [],
   "source": [
    "cor = train.corr()\n",
    "cor"
   ]
  },
  {
   "cell_type": "code",
   "execution_count": null,
   "metadata": {},
   "outputs": [],
   "source": [
    "mask = np.zeros_like(cor, dtype=np.bool)\n",
    "mask"
   ]
  },
  {
   "cell_type": "code",
   "execution_count": 7,
   "metadata": {},
   "outputs": [],
   "source": [
    "from sklearn.model_selection import train_test_split"
   ]
  },
  {
   "cell_type": "code",
   "execution_count": 4,
   "metadata": {
    "collapsed": true
   },
   "outputs": [
    {
     "data": {
      "text/plain": [
       "0          0.8571\n",
       "1          0.0400\n",
       "2          0.7407\n",
       "3          0.1146\n",
       "4          0.5217\n",
       "5          0.9368\n",
       "6          0.3721\n",
       "7          1.0000\n",
       "8          0.7037\n",
       "9          0.0417\n",
       "10         0.4536\n",
       "11         0.4828\n",
       "12         0.5464\n",
       "13         0.8571\n",
       "14         0.0000\n",
       "15         0.8696\n",
       "16         0.1923\n",
       "17         0.9789\n",
       "18         0.1667\n",
       "19         0.2041\n",
       "20         0.9259\n",
       "21         0.2593\n",
       "22         0.9286\n",
       "23         0.5833\n",
       "24         0.8780\n",
       "25         0.3778\n",
       "26         0.1364\n",
       "27         0.7143\n",
       "28         0.1579\n",
       "29         0.5227\n",
       "            ...  \n",
       "4357306    0.5510\n",
       "4357307    1.0000\n",
       "4357308    0.6538\n",
       "4357309    0.0370\n",
       "4357310    0.5102\n",
       "4357311    0.3929\n",
       "4357312    0.2222\n",
       "4357313    0.8519\n",
       "4357314    0.2857\n",
       "4357315    0.5185\n",
       "4357316    0.1034\n",
       "4357317    0.0000\n",
       "4357318    0.8214\n",
       "4357319    0.7407\n",
       "4357320    0.8980\n",
       "4357321    0.3333\n",
       "4357322    0.6429\n",
       "4357323    0.0370\n",
       "4357324    0.5102\n",
       "4357325    0.0000\n",
       "4357326    0.3214\n",
       "4357327    0.0000\n",
       "4357328    0.0645\n",
       "4357329    0.7755\n",
       "4357330    0.0345\n",
       "4357331    0.8929\n",
       "4357332    0.7241\n",
       "4357333    0.4483\n",
       "4357334    0.1429\n",
       "4357335    0.8077\n",
       "Name: winPlacePerc, Length: 4357336, dtype: float64"
      ]
     },
     "execution_count": 4,
     "metadata": {},
     "output_type": "execute_result"
    }
   ],
   "source": [
    "Y = train['winPlacePerc']\n",
    "Y"
   ]
  },
  {
   "cell_type": "code",
   "execution_count": 5,
   "metadata": {},
   "outputs": [],
   "source": [
    "X = train.drop(columns='winPlacePerc')"
   ]
  },
  {
   "cell_type": "code",
   "execution_count": 8,
   "metadata": {},
   "outputs": [],
   "source": [
    "X_train,X_test,Y_train,Y_test = train_test_split(X,Y,test_size = 0.33)"
   ]
  },
  {
   "cell_type": "code",
   "execution_count": 23,
   "metadata": {},
   "outputs": [
    {
     "data": {
      "text/html": [
       "<div>\n",
       "<style scoped>\n",
       "    .dataframe tbody tr th:only-of-type {\n",
       "        vertical-align: middle;\n",
       "    }\n",
       "\n",
       "    .dataframe tbody tr th {\n",
       "        vertical-align: top;\n",
       "    }\n",
       "\n",
       "    .dataframe thead th {\n",
       "        text-align: right;\n",
       "    }\n",
       "</style>\n",
       "<table border=\"1\" class=\"dataframe\">\n",
       "  <thead>\n",
       "    <tr style=\"text-align: right;\">\n",
       "      <th></th>\n",
       "      <th>assists</th>\n",
       "      <th>boosts</th>\n",
       "      <th>damageDealt</th>\n",
       "      <th>DBNOs</th>\n",
       "      <th>headshotKills</th>\n",
       "      <th>heals</th>\n",
       "      <th>killPlace</th>\n",
       "      <th>killPoints</th>\n",
       "      <th>killStreaks</th>\n",
       "      <th>longestKill</th>\n",
       "      <th>maxPlace</th>\n",
       "      <th>revives</th>\n",
       "      <th>rideDistance</th>\n",
       "      <th>roadKills</th>\n",
       "      <th>swimDistance</th>\n",
       "      <th>teamKills</th>\n",
       "      <th>vehicleDestroys</th>\n",
       "      <th>walkDistance</th>\n",
       "      <th>weaponsAcquired</th>\n",
       "      <th>winPoints</th>\n",
       "    </tr>\n",
       "  </thead>\n",
       "  <tbody>\n",
       "    <tr>\n",
       "      <th>assists</th>\n",
       "      <td>1.000000</td>\n",
       "      <td>0.312498</td>\n",
       "      <td>0.421212</td>\n",
       "      <td>0.336157</td>\n",
       "      <td>0.212421</td>\n",
       "      <td>0.254356</td>\n",
       "      <td>-0.299340</td>\n",
       "      <td>0.103874</td>\n",
       "      <td>0.247628</td>\n",
       "      <td>0.259417</td>\n",
       "      <td>-0.146414</td>\n",
       "      <td>0.213836</td>\n",
       "      <td>0.095335</td>\n",
       "      <td>0.012447</td>\n",
       "      <td>0.028109</td>\n",
       "      <td>0.004593</td>\n",
       "      <td>0.042118</td>\n",
       "      <td>0.285983</td>\n",
       "      <td>0.253880</td>\n",
       "      <td>0.074638</td>\n",
       "    </tr>\n",
       "    <tr>\n",
       "      <th>boosts</th>\n",
       "      <td>0.312498</td>\n",
       "      <td>1.000000</td>\n",
       "      <td>0.525942</td>\n",
       "      <td>0.354297</td>\n",
       "      <td>0.342040</td>\n",
       "      <td>0.543785</td>\n",
       "      <td>-0.540426</td>\n",
       "      <td>0.150975</td>\n",
       "      <td>0.403268</td>\n",
       "      <td>0.423068</td>\n",
       "      <td>-0.017198</td>\n",
       "      <td>0.261982</td>\n",
       "      <td>0.308707</td>\n",
       "      <td>0.038585</td>\n",
       "      <td>0.115618</td>\n",
       "      <td>-0.002217</td>\n",
       "      <td>0.070902</td>\n",
       "      <td>0.643542</td>\n",
       "      <td>0.383457</td>\n",
       "      <td>0.121724</td>\n",
       "    </tr>\n",
       "    <tr>\n",
       "      <th>damageDealt</th>\n",
       "      <td>0.421212</td>\n",
       "      <td>0.525942</td>\n",
       "      <td>1.000000</td>\n",
       "      <td>0.775723</td>\n",
       "      <td>0.618308</td>\n",
       "      <td>0.381244</td>\n",
       "      <td>-0.674794</td>\n",
       "      <td>0.241014</td>\n",
       "      <td>0.702620</td>\n",
       "      <td>0.543770</td>\n",
       "      <td>-0.046062</td>\n",
       "      <td>0.283779</td>\n",
       "      <td>0.136700</td>\n",
       "      <td>0.053699</td>\n",
       "      <td>0.043286</td>\n",
       "      <td>0.057157</td>\n",
       "      <td>0.066644</td>\n",
       "      <td>0.397354</td>\n",
       "      <td>0.362121</td>\n",
       "      <td>0.110208</td>\n",
       "    </tr>\n",
       "    <tr>\n",
       "      <th>DBNOs</th>\n",
       "      <td>0.336157</td>\n",
       "      <td>0.354297</td>\n",
       "      <td>0.775723</td>\n",
       "      <td>1.000000</td>\n",
       "      <td>0.511672</td>\n",
       "      <td>0.289351</td>\n",
       "      <td>-0.561672</td>\n",
       "      <td>0.197045</td>\n",
       "      <td>0.656670</td>\n",
       "      <td>0.430170</td>\n",
       "      <td>-0.251991</td>\n",
       "      <td>0.295941</td>\n",
       "      <td>0.078921</td>\n",
       "      <td>0.037313</td>\n",
       "      <td>0.021749</td>\n",
       "      <td>0.077360</td>\n",
       "      <td>0.042423</td>\n",
       "      <td>0.268904</td>\n",
       "      <td>0.266321</td>\n",
       "      <td>0.083626</td>\n",
       "    </tr>\n",
       "    <tr>\n",
       "      <th>headshotKills</th>\n",
       "      <td>0.212421</td>\n",
       "      <td>0.342040</td>\n",
       "      <td>0.618308</td>\n",
       "      <td>0.511672</td>\n",
       "      <td>1.000000</td>\n",
       "      <td>0.229159</td>\n",
       "      <td>-0.480902</td>\n",
       "      <td>0.157473</td>\n",
       "      <td>0.524697</td>\n",
       "      <td>0.436589</td>\n",
       "      <td>0.004364</td>\n",
       "      <td>0.171927</td>\n",
       "      <td>0.069789</td>\n",
       "      <td>0.017538</td>\n",
       "      <td>0.032466</td>\n",
       "      <td>0.012351</td>\n",
       "      <td>0.030985</td>\n",
       "      <td>0.255491</td>\n",
       "      <td>0.228520</td>\n",
       "      <td>0.063683</td>\n",
       "    </tr>\n",
       "    <tr>\n",
       "      <th>heals</th>\n",
       "      <td>0.254356</td>\n",
       "      <td>0.543785</td>\n",
       "      <td>0.381244</td>\n",
       "      <td>0.289351</td>\n",
       "      <td>0.229159</td>\n",
       "      <td>1.000000</td>\n",
       "      <td>-0.394125</td>\n",
       "      <td>0.082924</td>\n",
       "      <td>0.287317</td>\n",
       "      <td>0.279826</td>\n",
       "      <td>-0.067265</td>\n",
       "      <td>0.248815</td>\n",
       "      <td>0.280190</td>\n",
       "      <td>0.029283</td>\n",
       "      <td>0.082635</td>\n",
       "      <td>0.012411</td>\n",
       "      <td>0.054815</td>\n",
       "      <td>0.432822</td>\n",
       "      <td>0.313016</td>\n",
       "      <td>0.079004</td>\n",
       "    </tr>\n",
       "    <tr>\n",
       "      <th>killPlace</th>\n",
       "      <td>-0.299340</td>\n",
       "      <td>-0.540426</td>\n",
       "      <td>-0.674794</td>\n",
       "      <td>-0.561672</td>\n",
       "      <td>-0.480902</td>\n",
       "      <td>-0.394125</td>\n",
       "      <td>1.000000</td>\n",
       "      <td>-0.157220</td>\n",
       "      <td>-0.809343</td>\n",
       "      <td>-0.519945</td>\n",
       "      <td>0.041492</td>\n",
       "      <td>-0.282373</td>\n",
       "      <td>-0.204685</td>\n",
       "      <td>-0.051018</td>\n",
       "      <td>-0.092352</td>\n",
       "      <td>-0.030951</td>\n",
       "      <td>-0.055585</td>\n",
       "      <td>-0.579907</td>\n",
       "      <td>-0.469321</td>\n",
       "      <td>-0.136922</td>\n",
       "    </tr>\n",
       "    <tr>\n",
       "      <th>killPoints</th>\n",
       "      <td>0.103874</td>\n",
       "      <td>0.150975</td>\n",
       "      <td>0.241014</td>\n",
       "      <td>0.197045</td>\n",
       "      <td>0.157473</td>\n",
       "      <td>0.082924</td>\n",
       "      <td>-0.157220</td>\n",
       "      <td>1.000000</td>\n",
       "      <td>0.198684</td>\n",
       "      <td>0.154132</td>\n",
       "      <td>-0.002301</td>\n",
       "      <td>0.064896</td>\n",
       "      <td>0.036540</td>\n",
       "      <td>0.011782</td>\n",
       "      <td>-0.003249</td>\n",
       "      <td>0.006715</td>\n",
       "      <td>0.017866</td>\n",
       "      <td>0.093873</td>\n",
       "      <td>0.040976</td>\n",
       "      <td>0.429748</td>\n",
       "    </tr>\n",
       "    <tr>\n",
       "      <th>killStreaks</th>\n",
       "      <td>0.247628</td>\n",
       "      <td>0.403268</td>\n",
       "      <td>0.702620</td>\n",
       "      <td>0.656670</td>\n",
       "      <td>0.524697</td>\n",
       "      <td>0.287317</td>\n",
       "      <td>-0.809343</td>\n",
       "      <td>0.198684</td>\n",
       "      <td>1.000000</td>\n",
       "      <td>0.493950</td>\n",
       "      <td>-0.037258</td>\n",
       "      <td>0.254859</td>\n",
       "      <td>0.081519</td>\n",
       "      <td>0.058012</td>\n",
       "      <td>0.038290</td>\n",
       "      <td>0.031519</td>\n",
       "      <td>0.044922</td>\n",
       "      <td>0.321870</td>\n",
       "      <td>0.263166</td>\n",
       "      <td>0.083713</td>\n",
       "    </tr>\n",
       "    <tr>\n",
       "      <th>longestKill</th>\n",
       "      <td>0.259417</td>\n",
       "      <td>0.423068</td>\n",
       "      <td>0.543770</td>\n",
       "      <td>0.430170</td>\n",
       "      <td>0.436589</td>\n",
       "      <td>0.279826</td>\n",
       "      <td>-0.519945</td>\n",
       "      <td>0.154132</td>\n",
       "      <td>0.493950</td>\n",
       "      <td>1.000000</td>\n",
       "      <td>-0.004061</td>\n",
       "      <td>0.175332</td>\n",
       "      <td>0.183044</td>\n",
       "      <td>0.029357</td>\n",
       "      <td>0.060804</td>\n",
       "      <td>0.000964</td>\n",
       "      <td>0.066996</td>\n",
       "      <td>0.419643</td>\n",
       "      <td>0.276067</td>\n",
       "      <td>0.100728</td>\n",
       "    </tr>\n",
       "    <tr>\n",
       "      <th>maxPlace</th>\n",
       "      <td>-0.146414</td>\n",
       "      <td>-0.017198</td>\n",
       "      <td>-0.046062</td>\n",
       "      <td>-0.251991</td>\n",
       "      <td>0.004364</td>\n",
       "      <td>-0.067265</td>\n",
       "      <td>0.041492</td>\n",
       "      <td>-0.002301</td>\n",
       "      <td>-0.037258</td>\n",
       "      <td>-0.004061</td>\n",
       "      <td>1.000000</td>\n",
       "      <td>-0.146665</td>\n",
       "      <td>-0.030780</td>\n",
       "      <td>0.009363</td>\n",
       "      <td>0.003911</td>\n",
       "      <td>-0.028842</td>\n",
       "      <td>-0.015218</td>\n",
       "      <td>-0.070100</td>\n",
       "      <td>-0.030774</td>\n",
       "      <td>0.001576</td>\n",
       "    </tr>\n",
       "    <tr>\n",
       "      <th>revives</th>\n",
       "      <td>0.213836</td>\n",
       "      <td>0.261982</td>\n",
       "      <td>0.283779</td>\n",
       "      <td>0.295941</td>\n",
       "      <td>0.171927</td>\n",
       "      <td>0.248815</td>\n",
       "      <td>-0.282373</td>\n",
       "      <td>0.064896</td>\n",
       "      <td>0.254859</td>\n",
       "      <td>0.175332</td>\n",
       "      <td>-0.146665</td>\n",
       "      <td>1.000000</td>\n",
       "      <td>0.095435</td>\n",
       "      <td>0.009142</td>\n",
       "      <td>0.026410</td>\n",
       "      <td>0.024401</td>\n",
       "      <td>0.028487</td>\n",
       "      <td>0.240727</td>\n",
       "      <td>0.175544</td>\n",
       "      <td>0.041093</td>\n",
       "    </tr>\n",
       "    <tr>\n",
       "      <th>rideDistance</th>\n",
       "      <td>0.095335</td>\n",
       "      <td>0.308707</td>\n",
       "      <td>0.136700</td>\n",
       "      <td>0.078921</td>\n",
       "      <td>0.069789</td>\n",
       "      <td>0.280190</td>\n",
       "      <td>-0.204685</td>\n",
       "      <td>0.036540</td>\n",
       "      <td>0.081519</td>\n",
       "      <td>0.183044</td>\n",
       "      <td>-0.030780</td>\n",
       "      <td>0.095435</td>\n",
       "      <td>1.000000</td>\n",
       "      <td>0.105206</td>\n",
       "      <td>0.042534</td>\n",
       "      <td>0.029879</td>\n",
       "      <td>0.113959</td>\n",
       "      <td>0.305240</td>\n",
       "      <td>0.262682</td>\n",
       "      <td>0.083702</td>\n",
       "    </tr>\n",
       "    <tr>\n",
       "      <th>roadKills</th>\n",
       "      <td>0.012447</td>\n",
       "      <td>0.038585</td>\n",
       "      <td>0.053699</td>\n",
       "      <td>0.037313</td>\n",
       "      <td>0.017538</td>\n",
       "      <td>0.029283</td>\n",
       "      <td>-0.051018</td>\n",
       "      <td>0.011782</td>\n",
       "      <td>0.058012</td>\n",
       "      <td>0.029357</td>\n",
       "      <td>0.009363</td>\n",
       "      <td>0.009142</td>\n",
       "      <td>0.105206</td>\n",
       "      <td>1.000000</td>\n",
       "      <td>0.004607</td>\n",
       "      <td>0.006576</td>\n",
       "      <td>0.020946</td>\n",
       "      <td>0.024643</td>\n",
       "      <td>0.023375</td>\n",
       "      <td>0.011265</td>\n",
       "    </tr>\n",
       "    <tr>\n",
       "      <th>swimDistance</th>\n",
       "      <td>0.028109</td>\n",
       "      <td>0.115618</td>\n",
       "      <td>0.043286</td>\n",
       "      <td>0.021749</td>\n",
       "      <td>0.032466</td>\n",
       "      <td>0.082635</td>\n",
       "      <td>-0.092352</td>\n",
       "      <td>-0.003249</td>\n",
       "      <td>0.038290</td>\n",
       "      <td>0.060804</td>\n",
       "      <td>0.003911</td>\n",
       "      <td>0.026410</td>\n",
       "      <td>0.042534</td>\n",
       "      <td>0.004607</td>\n",
       "      <td>1.000000</td>\n",
       "      <td>0.000016</td>\n",
       "      <td>0.008708</td>\n",
       "      <td>0.169547</td>\n",
       "      <td>0.079489</td>\n",
       "      <td>0.018661</td>\n",
       "    </tr>\n",
       "    <tr>\n",
       "      <th>teamKills</th>\n",
       "      <td>0.004593</td>\n",
       "      <td>-0.002217</td>\n",
       "      <td>0.057157</td>\n",
       "      <td>0.077360</td>\n",
       "      <td>0.012351</td>\n",
       "      <td>0.012411</td>\n",
       "      <td>-0.030951</td>\n",
       "      <td>0.006715</td>\n",
       "      <td>0.031519</td>\n",
       "      <td>0.000964</td>\n",
       "      <td>-0.028842</td>\n",
       "      <td>0.024401</td>\n",
       "      <td>0.029879</td>\n",
       "      <td>0.006576</td>\n",
       "      <td>0.000016</td>\n",
       "      <td>1.000000</td>\n",
       "      <td>0.128485</td>\n",
       "      <td>-0.002917</td>\n",
       "      <td>0.022702</td>\n",
       "      <td>0.001974</td>\n",
       "    </tr>\n",
       "    <tr>\n",
       "      <th>vehicleDestroys</th>\n",
       "      <td>0.042118</td>\n",
       "      <td>0.070902</td>\n",
       "      <td>0.066644</td>\n",
       "      <td>0.042423</td>\n",
       "      <td>0.030985</td>\n",
       "      <td>0.054815</td>\n",
       "      <td>-0.055585</td>\n",
       "      <td>0.017866</td>\n",
       "      <td>0.044922</td>\n",
       "      <td>0.066996</td>\n",
       "      <td>-0.015218</td>\n",
       "      <td>0.028487</td>\n",
       "      <td>0.113959</td>\n",
       "      <td>0.020946</td>\n",
       "      <td>0.008708</td>\n",
       "      <td>0.128485</td>\n",
       "      <td>1.000000</td>\n",
       "      <td>0.066274</td>\n",
       "      <td>0.049750</td>\n",
       "      <td>0.014358</td>\n",
       "    </tr>\n",
       "    <tr>\n",
       "      <th>walkDistance</th>\n",
       "      <td>0.285983</td>\n",
       "      <td>0.643542</td>\n",
       "      <td>0.397354</td>\n",
       "      <td>0.268904</td>\n",
       "      <td>0.255491</td>\n",
       "      <td>0.432822</td>\n",
       "      <td>-0.579907</td>\n",
       "      <td>0.093873</td>\n",
       "      <td>0.321870</td>\n",
       "      <td>0.419643</td>\n",
       "      <td>-0.070100</td>\n",
       "      <td>0.240727</td>\n",
       "      <td>0.305240</td>\n",
       "      <td>0.024643</td>\n",
       "      <td>0.169547</td>\n",
       "      <td>-0.002917</td>\n",
       "      <td>0.066274</td>\n",
       "      <td>1.000000</td>\n",
       "      <td>0.530908</td>\n",
       "      <td>0.140742</td>\n",
       "    </tr>\n",
       "    <tr>\n",
       "      <th>weaponsAcquired</th>\n",
       "      <td>0.253880</td>\n",
       "      <td>0.383457</td>\n",
       "      <td>0.362121</td>\n",
       "      <td>0.266321</td>\n",
       "      <td>0.228520</td>\n",
       "      <td>0.313016</td>\n",
       "      <td>-0.469321</td>\n",
       "      <td>0.040976</td>\n",
       "      <td>0.263166</td>\n",
       "      <td>0.276067</td>\n",
       "      <td>-0.030774</td>\n",
       "      <td>0.175544</td>\n",
       "      <td>0.262682</td>\n",
       "      <td>0.023375</td>\n",
       "      <td>0.079489</td>\n",
       "      <td>0.022702</td>\n",
       "      <td>0.049750</td>\n",
       "      <td>0.530908</td>\n",
       "      <td>1.000000</td>\n",
       "      <td>0.106157</td>\n",
       "    </tr>\n",
       "    <tr>\n",
       "      <th>winPoints</th>\n",
       "      <td>0.074638</td>\n",
       "      <td>0.121724</td>\n",
       "      <td>0.110208</td>\n",
       "      <td>0.083626</td>\n",
       "      <td>0.063683</td>\n",
       "      <td>0.079004</td>\n",
       "      <td>-0.136922</td>\n",
       "      <td>0.429748</td>\n",
       "      <td>0.083713</td>\n",
       "      <td>0.100728</td>\n",
       "      <td>0.001576</td>\n",
       "      <td>0.041093</td>\n",
       "      <td>0.083702</td>\n",
       "      <td>0.011265</td>\n",
       "      <td>0.018661</td>\n",
       "      <td>0.001974</td>\n",
       "      <td>0.014358</td>\n",
       "      <td>0.140742</td>\n",
       "      <td>0.106157</td>\n",
       "      <td>1.000000</td>\n",
       "    </tr>\n",
       "  </tbody>\n",
       "</table>\n",
       "</div>"
      ],
      "text/plain": [
       "                  assists    boosts  damageDealt     DBNOs  headshotKills  \\\n",
       "assists          1.000000  0.312498     0.421212  0.336157       0.212421   \n",
       "boosts           0.312498  1.000000     0.525942  0.354297       0.342040   \n",
       "damageDealt      0.421212  0.525942     1.000000  0.775723       0.618308   \n",
       "DBNOs            0.336157  0.354297     0.775723  1.000000       0.511672   \n",
       "headshotKills    0.212421  0.342040     0.618308  0.511672       1.000000   \n",
       "heals            0.254356  0.543785     0.381244  0.289351       0.229159   \n",
       "killPlace       -0.299340 -0.540426    -0.674794 -0.561672      -0.480902   \n",
       "killPoints       0.103874  0.150975     0.241014  0.197045       0.157473   \n",
       "killStreaks      0.247628  0.403268     0.702620  0.656670       0.524697   \n",
       "longestKill      0.259417  0.423068     0.543770  0.430170       0.436589   \n",
       "maxPlace        -0.146414 -0.017198    -0.046062 -0.251991       0.004364   \n",
       "revives          0.213836  0.261982     0.283779  0.295941       0.171927   \n",
       "rideDistance     0.095335  0.308707     0.136700  0.078921       0.069789   \n",
       "roadKills        0.012447  0.038585     0.053699  0.037313       0.017538   \n",
       "swimDistance     0.028109  0.115618     0.043286  0.021749       0.032466   \n",
       "teamKills        0.004593 -0.002217     0.057157  0.077360       0.012351   \n",
       "vehicleDestroys  0.042118  0.070902     0.066644  0.042423       0.030985   \n",
       "walkDistance     0.285983  0.643542     0.397354  0.268904       0.255491   \n",
       "weaponsAcquired  0.253880  0.383457     0.362121  0.266321       0.228520   \n",
       "winPoints        0.074638  0.121724     0.110208  0.083626       0.063683   \n",
       "\n",
       "                    heals  killPlace  killPoints  killStreaks  longestKill  \\\n",
       "assists          0.254356  -0.299340    0.103874     0.247628     0.259417   \n",
       "boosts           0.543785  -0.540426    0.150975     0.403268     0.423068   \n",
       "damageDealt      0.381244  -0.674794    0.241014     0.702620     0.543770   \n",
       "DBNOs            0.289351  -0.561672    0.197045     0.656670     0.430170   \n",
       "headshotKills    0.229159  -0.480902    0.157473     0.524697     0.436589   \n",
       "heals            1.000000  -0.394125    0.082924     0.287317     0.279826   \n",
       "killPlace       -0.394125   1.000000   -0.157220    -0.809343    -0.519945   \n",
       "killPoints       0.082924  -0.157220    1.000000     0.198684     0.154132   \n",
       "killStreaks      0.287317  -0.809343    0.198684     1.000000     0.493950   \n",
       "longestKill      0.279826  -0.519945    0.154132     0.493950     1.000000   \n",
       "maxPlace        -0.067265   0.041492   -0.002301    -0.037258    -0.004061   \n",
       "revives          0.248815  -0.282373    0.064896     0.254859     0.175332   \n",
       "rideDistance     0.280190  -0.204685    0.036540     0.081519     0.183044   \n",
       "roadKills        0.029283  -0.051018    0.011782     0.058012     0.029357   \n",
       "swimDistance     0.082635  -0.092352   -0.003249     0.038290     0.060804   \n",
       "teamKills        0.012411  -0.030951    0.006715     0.031519     0.000964   \n",
       "vehicleDestroys  0.054815  -0.055585    0.017866     0.044922     0.066996   \n",
       "walkDistance     0.432822  -0.579907    0.093873     0.321870     0.419643   \n",
       "weaponsAcquired  0.313016  -0.469321    0.040976     0.263166     0.276067   \n",
       "winPoints        0.079004  -0.136922    0.429748     0.083713     0.100728   \n",
       "\n",
       "                 maxPlace   revives  rideDistance  roadKills  swimDistance  \\\n",
       "assists         -0.146414  0.213836      0.095335   0.012447      0.028109   \n",
       "boosts          -0.017198  0.261982      0.308707   0.038585      0.115618   \n",
       "damageDealt     -0.046062  0.283779      0.136700   0.053699      0.043286   \n",
       "DBNOs           -0.251991  0.295941      0.078921   0.037313      0.021749   \n",
       "headshotKills    0.004364  0.171927      0.069789   0.017538      0.032466   \n",
       "heals           -0.067265  0.248815      0.280190   0.029283      0.082635   \n",
       "killPlace        0.041492 -0.282373     -0.204685  -0.051018     -0.092352   \n",
       "killPoints      -0.002301  0.064896      0.036540   0.011782     -0.003249   \n",
       "killStreaks     -0.037258  0.254859      0.081519   0.058012      0.038290   \n",
       "longestKill     -0.004061  0.175332      0.183044   0.029357      0.060804   \n",
       "maxPlace         1.000000 -0.146665     -0.030780   0.009363      0.003911   \n",
       "revives         -0.146665  1.000000      0.095435   0.009142      0.026410   \n",
       "rideDistance    -0.030780  0.095435      1.000000   0.105206      0.042534   \n",
       "roadKills        0.009363  0.009142      0.105206   1.000000      0.004607   \n",
       "swimDistance     0.003911  0.026410      0.042534   0.004607      1.000000   \n",
       "teamKills       -0.028842  0.024401      0.029879   0.006576      0.000016   \n",
       "vehicleDestroys -0.015218  0.028487      0.113959   0.020946      0.008708   \n",
       "walkDistance    -0.070100  0.240727      0.305240   0.024643      0.169547   \n",
       "weaponsAcquired -0.030774  0.175544      0.262682   0.023375      0.079489   \n",
       "winPoints        0.001576  0.041093      0.083702   0.011265      0.018661   \n",
       "\n",
       "                 teamKills  vehicleDestroys  walkDistance  weaponsAcquired  \\\n",
       "assists           0.004593         0.042118      0.285983         0.253880   \n",
       "boosts           -0.002217         0.070902      0.643542         0.383457   \n",
       "damageDealt       0.057157         0.066644      0.397354         0.362121   \n",
       "DBNOs             0.077360         0.042423      0.268904         0.266321   \n",
       "headshotKills     0.012351         0.030985      0.255491         0.228520   \n",
       "heals             0.012411         0.054815      0.432822         0.313016   \n",
       "killPlace        -0.030951        -0.055585     -0.579907        -0.469321   \n",
       "killPoints        0.006715         0.017866      0.093873         0.040976   \n",
       "killStreaks       0.031519         0.044922      0.321870         0.263166   \n",
       "longestKill       0.000964         0.066996      0.419643         0.276067   \n",
       "maxPlace         -0.028842        -0.015218     -0.070100        -0.030774   \n",
       "revives           0.024401         0.028487      0.240727         0.175544   \n",
       "rideDistance      0.029879         0.113959      0.305240         0.262682   \n",
       "roadKills         0.006576         0.020946      0.024643         0.023375   \n",
       "swimDistance      0.000016         0.008708      0.169547         0.079489   \n",
       "teamKills         1.000000         0.128485     -0.002917         0.022702   \n",
       "vehicleDestroys   0.128485         1.000000      0.066274         0.049750   \n",
       "walkDistance     -0.002917         0.066274      1.000000         0.530908   \n",
       "weaponsAcquired   0.022702         0.049750      0.530908         1.000000   \n",
       "winPoints         0.001974         0.014358      0.140742         0.106157   \n",
       "\n",
       "                 winPoints  \n",
       "assists           0.074638  \n",
       "boosts            0.121724  \n",
       "damageDealt       0.110208  \n",
       "DBNOs             0.083626  \n",
       "headshotKills     0.063683  \n",
       "heals             0.079004  \n",
       "killPlace        -0.136922  \n",
       "killPoints        0.429748  \n",
       "killStreaks       0.083713  \n",
       "longestKill       0.100728  \n",
       "maxPlace          0.001576  \n",
       "revives           0.041093  \n",
       "rideDistance      0.083702  \n",
       "roadKills         0.011265  \n",
       "swimDistance      0.018661  \n",
       "teamKills         0.001974  \n",
       "vehicleDestroys   0.014358  \n",
       "walkDistance      0.140742  \n",
       "weaponsAcquired   0.106157  \n",
       "winPoints         1.000000  "
      ]
     },
     "execution_count": 23,
     "metadata": {},
     "output_type": "execute_result"
    }
   ],
   "source": [
    "cor = X_train.corr()\n",
    "cor"
   ]
  },
  {
   "cell_type": "code",
   "execution_count": 22,
   "metadata": {},
   "outputs": [
    {
     "data": {
      "text/plain": [
       "(2919415, 20)"
      ]
     },
     "execution_count": 22,
     "metadata": {},
     "output_type": "execute_result"
    }
   ],
   "source": [
    "X_train.shape"
   ]
  },
  {
   "cell_type": "code",
   "execution_count": 20,
   "metadata": {},
   "outputs": [],
   "source": [
    "X_train = X_train.drop(columns=['numGroups'])"
   ]
  },
  {
   "cell_type": "code",
   "execution_count": 21,
   "metadata": {},
   "outputs": [],
   "source": [
    "X_test = X_test.drop(columns=['numGroups'])"
   ]
  },
  {
   "cell_type": "code",
   "execution_count": null,
   "metadata": {
    "scrolled": true
   },
   "outputs": [],
   "source": [
    "X_train "
   ]
  },
  {
   "cell_type": "code",
   "execution_count": null,
   "metadata": {},
   "outputs": [],
   "source": [
    "import seaborn as sns"
   ]
  },
  {
   "cell_type": "code",
   "execution_count": null,
   "metadata": {},
